image_width: 1080
image_height: 1080
camera_name: ves_camera
camera_matrix:
  rows: 3
  cols: 3
  data: [760.90352,   0.     , 518.28803,
           0.     , 760.24894, 500.19373,
           0.     ,   0.     ,   1.     ]
distortion_model: plumb_bob
distortion_coefficients:
  rows: 1
  cols: 5
  data: [-0.386984, 0.151006, 0.000145, -0.000669, 0.000000]
rectification_matrix:
  rows: 3
  cols: 3
  data: [1., 0., 0.,
         0., 1., 0.,
         0., 0., 1.]
projection_matrix:
  rows: 3
  cols: 4
  data: [600.57153,   0.     , 511.2261 ,   0.     ,
           0.     , 603.80664, 490.39243,   0.     ,
           0.     ,   0.     ,   1.     ,   0.     ]
